           1.00000000000              1.00000000000
           1.01000000000              1.00995049504
           1.02000000000              1.01980392142
           1.03000000000              1.02956310570
           1.04000000000              1.03923076477
           1.05000000000              1.04880951064
           1.06000000000              1.05830185509
           1.07000000000              1.06771021407
           1.08000000000              1.07703691193
           1.09000000000              1.08628418541
           1.10000000000              1.09545418751
           1.11000000000              1.10454899113
           1.12000000000              1.11357059258
           1.13000000000              1.12252091487
           1.14000000000              1.13140181094
           1.15000000000              1.14021506662
           1.16000000000              1.14896240356
           1.17000000000              1.15764548196
           1.18000000000              1.16626590320
           1.19000000000              1.17482521231
           1.20000000000              1.18332490037
           1.21000000000              1.19176640677
           1.22000000000              1.20015112139
           1.23000000000              1.20848038662
           1.24000000000              1.21675549938
           1.25000000000              1.22497771292
           1.26000000000              1.23314823871
           1.27000000000              1.24126824803
           1.28000000000              1.24933887368
           1.29000000000              1.25736121151
           1.30000000000              1.26533632186
           1.31000000000              1.27326523103
           1.32000000000              1.28114893261
           1.33000000000              1.28898838873
           1.34000000000              1.29678453136
           1.35000000000              1.30453826341
           1.36000000000              1.31225045991
           1.37000000000              1.31992196906
           1.38000000000              1.32755361325
           1.39000000000              1.33514619002
           1.40000000000              1.34270047306
           1.41000000000              1.35021721305
           1.42000000000              1.35769713852
           1.43000000000              1.36514095669
           1.44000000000              1.37254935425
           1.45000000000              1.37992299811
           1.46000000000              1.38726253609
           1.47000000000              1.39456859767
           1.48000000000              1.40184179459
           1.49000000000              1.40908272151
           1.50000000000              1.41629195661
           1.51000000000              1.42347006215
           1.52000000000              1.43061758509
           1.53000000000              1.43773505753
           1.54000000000              1.44482299729
           1.55000000000              1.45188190840
           1.56000000000              1.45891228152
           1.57000000000              1.46591459444
           1.58000000000              1.47288931248
           1.59000000000              1.47983688895
           1.60000000000              1.48675776551
           1.61000000000              1.49365237255
           1.62000000000              1.50052112960
           1.63000000000              1.50736444566
           1.64000000000              1.51418271952
           1.65000000000              1.52097634014
           1.66000000000              1.52774568692
           1.67000000000              1.53449113001
           1.68000000000              1.54121303064
           1.69000000000              1.54791174133
           1.70000000000              1.55458760624
           1.71000000000              1.56124096138
           1.72000000000              1.56787213486
           1.73000000000              1.57448144716
           1.74000000000              1.58106921135
           1.75000000000              1.58763573328
           1.76000000000              1.59418131187
           1.77000000000              1.60070623925
           1.78000000000              1.60721080098
           1.79000000000              1.61369527627
           1.80000000000              1.62015993813
           1.81000000000              1.62660505358
           1.82000000000              1.63303088378
           1.83000000000              1.63943768426
           1.84000000000              1.64582570503
           1.85000000000              1.65219519078
           1.86000000000              1.65854638097
           1.87000000000              1.66487951003
           1.88000000000              1.67119480750
           1.89000000000              1.67749249812
           1.90000000000              1.68377280201
           1.91000000000              1.69003593476
           1.92000000000              1.69628210759
           1.93000000000              1.70251152744
           1.94000000000              1.70872439710
           1.95000000000              1.71492091530
           1.96000000000              1.72110127685
           1.97000000000              1.72726567271
           1.98000000000              1.73341429013
           1.99000000000              1.73954731271
           2.00000000000              1.74566492051
