            0         0.459805374416
            1         0.478497734065
            2         0.497305971820
            3         0.516204675791
            4         0.535172803502
            5         0.554192900670
            6         0.573250466967
            7         0.592333440150
            8         0.611431775525
            9         0.630537102148
           10         0.649642440939
           11         0.668741972830
           12         0.687830847471
           13         0.706905024887
           14         0.725961144026
           15         0.744996413283
           16         0.764008519076
           17         0.782995549277
           18         0.801955928927
           19         0.820888366121
           20         0.839791806361
           21         0.858665393957
           22         0.877508439347
           23         0.896320391348
           24         0.915100813593
           25         0.933849364465
           26         0.952565780016
           27         0.971249859387
           28         0.989901452382
           29          1.00852044885
           30          1.02710676964
           31          1.04566035884
           32          1.06418117719
           33          1.08266919648
           34          1.10112439473
           35          1.11954675214
           36          1.13793624761
           37          1.15629285588
           38          1.17461654501
           39          1.19290727437
           40          1.21116499290
           41          1.22938963768
           42          1.24758113280
           43          1.26573938839
           44          1.28386429991
           45          1.30195574753
           46          1.32001359570
           47          1.33803769287
           48          1.35602787124
           49          1.37398394669
           50          1.39190571870
           51          1.40979297043
           52          1.42764546879
           53          1.44546296460
           54          1.46324519275
           55          1.48099187247
           56          1.49870270754
           57          1.51637738660
           58          1.53401558344
           59          1.55161695733
           60          1.56918115336
           61          1.58670780276
           62          1.60419652329
           63          1.62164691958
           64          1.63905858353
           65          1.65643109464
           66          1.67376402042
           67          1.69105691675
           68          1.70830932825
           69          1.72552078869
           70          1.74269082132
           71          1.75981893926
           72          1.77690464587
           73          1.79394743510
           74          1.81094679189
           75          1.82790219247
           76          1.84481310474
           77          1.86167898864
           78          1.87849929645
           79          1.89527347315
           80          1.91200095674
           81          1.92868117858
           82          1.94531356370
           83          1.96189753113
           84          1.97843249419
           85          1.99491786081
           86          2.01135303383
           87          2.02773741128
           88          2.04407038668
           89          2.06035134933
           90          2.07657968458
           91          2.09275477411
           92          2.10887599619
           93          2.12494272594
           94          2.14095433562
           95          2.15691019484
           96          2.17280967085
           97          2.18865212876
           98          2.20443693179
           99          2.22016344150
          100          2.46348120076
