            0         0.460124075977
            1         0.497970444036
            2         0.536108600399
            3         0.574400207003
            4         0.612750851284
            5         0.651095870798
            6         0.689390965622
            7         0.727605896891
            8         0.765720199104
            9         0.803720224967
           10         0.841597084703
           11         0.879345194257
           12         0.916961243511
           13         0.954443457815
           14         0.991791066666
           15          1.02900392018
           16          1.06608221201
           17          1.10302627939
           18          1.13983645977
           19          1.17651298876
           20          1.21305592883
           21          1.24946512057
           22          1.28574015092
           23          1.32188033381
           24          1.35788470016
           25          1.39375199465
           26          1.42948067766
           27          1.46506893083
           28          1.50051466524
           29          1.53581553156
           30          1.57096893136
           31          1.60597202934
           32          1.64082176604
           33          1.67551487073
           34          1.71004787441
           35          1.74441712275
           36          1.77861878872
           37          1.81264888511
           38          1.84650327662
           39          1.88017769167
           40          1.91366773380
           41          1.94696889272
           42          1.98007655497
           43          2.01298601417
           44          2.04569248095
           45          2.07819109249
           46          2.11047692163
           47          2.14254498578
           48          2.17439025538
           49          2.20600766206
           50          2.46348120082
