           1.00000000000              1.00000000000
           1.02000000000              1.00000000000
           1.04000000000              1.00019223376
           1.06000000000              1.00056034968
           1.08000000000              1.00108965689
           1.10000000000              1.00176692308
           1.12000000000              1.00258020115
           1.14000000000              1.00351867983
           1.16000000000              1.00457255452
           1.18000000000              1.00573291529
           1.20000000000              1.00699164944
           1.22000000000              1.00834135637
           1.24000000000              1.00977527308
           1.26000000000              1.01128720880
           1.28000000000              1.01287148737
           1.30000000000              1.01452289639
           1.32000000000              1.01623664229
           1.34000000000              1.01800831042
           1.36000000000              1.01983382956
           1.38000000000              1.02170944033
           1.40000000000              1.02363166700
           1.42000000000              1.02559729222
           1.44000000000              1.02760333442
           1.46000000000              1.02964702746
           1.48000000000              1.03172580237
           1.50000000000              1.03383727085
           1.52000000000              1.03597921042
           1.54000000000              1.03814955095
           1.56000000000              1.04034636246
           1.58000000000              1.04256784410
           1.60000000000              1.04481231407
           1.62000000000              1.04707820052
           1.64000000000              1.04936403320
           1.66000000000              1.05166843586
           1.68000000000              1.05399011936
           1.70000000000              1.05632787527
           1.72000000000              1.05868057011
           1.74000000000              1.06104713998
           1.76000000000              1.06342658571
           1.78000000000              1.06581796835
           1.80000000000              1.06822040505
           1.82000000000              1.07063306522
           1.84000000000              1.07305516707
           1.86000000000              1.07548597436
           1.88000000000              1.07792479339
           1.90000000000              1.08037097026
           1.92000000000              1.08282388829
           1.94000000000              1.08528296569
           1.96000000000              1.08774765332
           1.98000000000              1.09021743270
           2.00000000000              1.09269181405
