           1.00000000000            0.00000000000
          0.954864544747             0.297041581577
          0.823532597628             0.567268949127
          0.617859613090             0.786288432137
          0.356411878713             0.934328942457
        6.279051952931E-02           0.998026728428
         -0.236498997024             0.971631732915
         -0.514439533782             0.857526656194
         -0.745941145424             0.666011867434
         -0.910105970685             0.414375580993
         -0.992114701314             0.125333233564
         -0.984564334529            -0.175023058975
         -0.888136448814            -0.459579860621
         -0.711535677209            -0.702649969799
         -0.470703932165            -0.882291226435
         -0.187381314586            -0.982287250729
          0.112856384873            -0.993611310520
          0.402906435714            -0.915241172621
          0.656585755753            -0.754251380736
          0.850994481795            -0.525174629961
          0.968583161129            -0.248689887165
          0.998736956606           5.024431817977E-02
          0.938733857654             0.344642923175
          0.793990398648             0.607930297695
          0.577572703422             0.816339250717
          0.309016994375             0.951056516295
        1.256603988335E-02           0.999921044204
         -0.285019262470             0.958521789017
         -0.556875616488             0.830595899196
         -0.778462301567             0.627691361291
         -0.929776485888             0.368124552685
         -0.997158900261           7.532680552793E-02
         -0.974526872787            -0.224270760949
         -0.863923417193            -0.503623201636
         -0.675332808121            -0.737513117358
         -0.425779291565            -0.904827052466
         -0.137790290685            -0.990461425697
          0.162637165195            -0.986685944208
          0.448383216090            -0.893841424151
          0.693653305813            -0.720309024888
          0.876306680044            -0.481753674102
          0.979855052384            -0.199709980514
          0.994951016981             0.100361714851
          0.920231847366             0.391373666837
          0.762442511011             0.647055961569
          0.535826794979             0.844327925502
          0.260841506290             0.965381638833
       -3.769018266993E-02           0.999289472641
         -0.332819544523             0.942990535893
         -0.597904983058             0.801566984871
         -0.809016994375             0.587785252292
         -0.947098304995             0.320943609807
         -0.999684189283           2.513009544334E-02
         -0.962027671586            -0.272951935517
         -0.837528040042            -0.546394346734
         -0.637423989749            -0.770513242776
         -0.379779095522            -0.925077206834
       -8.785119655074E-02          -0.996133609143
          0.212007109922            -0.977268123568
          0.492727341548            -0.870183754670
          0.728968627421            -0.684547105929
          0.899405251566            -0.437115766651
          0.988651744738            -0.150225589121
          0.988651744738             0.150225589121
          0.899405251566             0.437115766651
          0.728968627421             0.684547105929
          0.492727341548             0.870183754670
          0.212007109922             0.977268123568
       -8.785119655074E-02           0.996133609143
         -0.379779095522             0.925077206834
         -0.637423989749             0.770513242776
         -0.837528040042             0.546394346734
         -0.962027671586             0.272951935517
         -0.999684189283          -2.513009544334E-02
         -0.947098304995            -0.320943609807
         -0.809016994375            -0.587785252292
         -0.597904983058            -0.801566984871
         -0.332819544523            -0.942990535893
       -3.769018266993E-02          -0.999289472641
          0.260841506290            -0.965381638833
          0.535826794979            -0.844327925502
          0.762442511011            -0.647055961569
          0.920231847366            -0.391373666837
          0.994951016981            -0.100361714851
          0.979855052384             0.199709980514
          0.876306680044             0.481753674102
          0.693653305813             0.720309024888
          0.448383216090             0.893841424151
          0.162637165195             0.986685944208
         -0.137790290685             0.990461425697
         -0.425779291565             0.904827052466
         -0.675332808121             0.737513117358
         -0.863923417193             0.503623201636
         -0.974526872787             0.224270760949
         -0.997158900261          -7.532680552793E-02
         -0.929776485888            -0.368124552685
         -0.778462301567            -0.627691361291
         -0.556875616488            -0.830595899196
         -0.285019262470            -0.958521789017
        1.256603988335E-02          -0.999921044204
          0.309016994375            -0.951056516295
          0.577572703422            -0.816339250717
          0.793990398648            -0.607930297695
          0.938733857654            -0.344642923175
          0.998736956606          -5.024431817977E-02
          0.968583161129             0.248689887165
          0.850994481795             0.525174629961
          0.656585755753             0.754251380736
          0.402906435714             0.915241172621
          0.112856384873             0.993611310520
         -0.187381314586             0.982287250729
         -0.470703932165             0.882291226435
         -0.711535677209             0.702649969799
         -0.888136448814             0.459579860621
         -0.984564334529             0.175023058975
         -0.992114701314            -0.125333233564
         -0.910105970685            -0.414375580993
         -0.745941145424            -0.666011867434
         -0.514439533782            -0.857526656194
         -0.236498997024            -0.971631732915
        6.279051952931E-02          -0.998026728428
          0.356411878713            -0.934328942457
          0.617859613090            -0.786288432137
          0.823532597628            -0.567268949127
          0.954864544747            -0.297041581577
           1.00000000000          -1.469527624587E-15
          0.954864544747             0.297041581577
          0.823532597628             0.567268949127
          0.617859613090             0.786288432137
          0.356411878713             0.934328942457
        6.279051952932E-02           0.998026728428
         -0.236498997024             0.971631732915
         -0.514439533782             0.857526656194
         -0.745941145424             0.666011867434
         -0.910105970685             0.414375580993
         -0.992114701314             0.125333233564
         -0.984564334529            -0.175023058975
         -0.888136448814            -0.459579860621
         -0.711535677209            -0.702649969799
         -0.470703932165            -0.882291226435
         -0.187381314586            -0.982287250729
          0.112856384873            -0.993611310520
          0.402906435714            -0.915241172621
          0.656585755753            -0.754251380736
          0.850994481795            -0.525174629961
          0.968583161129            -0.248689887165
          0.998736956606           5.024431817977E-02
          0.938733857654             0.344642923175
          0.793990398648             0.607930297695
          0.577572703422             0.816339250717
          0.309016994375             0.951056516295
        1.256603988335E-02           0.999921044204
         -0.285019262470             0.958521789017
         -0.556875616488             0.830595899196
         -0.778462301567             0.627691361291
         -0.929776485888             0.368124552685
         -0.997158900261           7.532680552793E-02
         -0.974526872787            -0.224270760949
         -0.863923417193            -0.503623201636
         -0.675332808121            -0.737513117358
         -0.425779291565            -0.904827052466
         -0.137790290685            -0.990461425697
          0.162637165195            -0.986685944208
          0.448383216090            -0.893841424151
          0.693653305813            -0.720309024888
          0.876306680044            -0.481753674102
          0.979855052384            -0.199709980514
          0.994951016981             0.100361714851
          0.920231847366             0.391373666837
          0.762442511011             0.647055961569
          0.535826794979             0.844327925502
          0.260841506290             0.965381638833
       -3.769018266993E-02           0.999289472641
         -0.332819544523             0.942990535893
         -0.597904983058             0.801566984871
         -0.809016994375             0.587785252292
         -0.947098304995             0.320943609807
         -0.999684189283           2.513009544334E-02
         -0.962027671586            -0.272951935517
         -0.837528040042            -0.546394346734
         -0.637423989749            -0.770513242776
         -0.379779095522            -0.925077206834
       -8.785119655074E-02          -0.996133609143
          0.212007109922            -0.977268123568
          0.492727341548            -0.870183754670
          0.728968627421            -0.684547105929
          0.899405251566            -0.437115766651
          0.988651744738            -0.150225589121
          0.988651744738             0.150225589121
          0.899405251566             0.437115766651
          0.728968627421             0.684547105929
          0.492727341548             0.870183754670
          0.212007109922             0.977268123568
       -8.785119655074E-02           0.996133609143
         -0.379779095522             0.925077206834
         -0.637423989749             0.770513242776
         -0.837528040042             0.546394346734
         -0.962027671586             0.272951935517
         -0.999684189283          -2.513009544334E-02
         -0.947098304995            -0.320943609807
         -0.809016994375            -0.587785252292
         -0.597904983058            -0.801566984871
         -0.332819544523            -0.942990535893
       -3.769018266994E-02          -0.999289472641
          0.260841506290            -0.965381638833
          0.535826794979            -0.844327925502
          0.762442511011            -0.647055961569
          0.920231847366            -0.391373666837
          0.994951016981            -0.100361714851
          0.979855052384             0.199709980514
          0.876306680044             0.481753674102
          0.693653305813             0.720309024888
          0.448383216090             0.893841424151
          0.162637165195             0.986685944208
         -0.137790290685             0.990461425697
         -0.425779291565             0.904827052466
         -0.675332808121             0.737513117358
         -0.863923417193             0.503623201636
         -0.974526872787             0.224270760949
         -0.997158900261          -7.532680552793E-02
         -0.929776485888            -0.368124552685
         -0.778462301567            -0.627691361291
         -0.556875616488            -0.830595899196
         -0.285019262470            -0.958521789017
        1.256603988335E-02          -0.999921044204
          0.309016994375            -0.951056516295
          0.577572703422            -0.816339250717
          0.793990398648            -0.607930297695
          0.938733857654            -0.344642923175
          0.998736956606          -5.024431817978E-02
          0.968583161129             0.248689887165
          0.850994481795             0.525174629961
          0.656585755753             0.754251380736
          0.402906435714             0.915241172621
          0.112856384873             0.993611310520
         -0.187381314586             0.982287250729
         -0.470703932165             0.882291226435
         -0.711535677209             0.702649969799
         -0.888136448814             0.459579860621
         -0.984564334529             0.175023058975
         -0.992114701314            -0.125333233564
         -0.910105970685            -0.414375580993
         -0.745941145424            -0.666011867434
         -0.514439533782            -0.857526656194
         -0.236498997024            -0.971631732915
        6.279051952930E-02          -0.998026728428
          0.356411878713            -0.934328942457
          0.617859613090            -0.786288432137
          0.823532597628            -0.567268949127
          0.954864544747            -0.297041581577
           1.00000000000          -2.939055249174E-15
          0.954864544747             0.297041581577
          0.823532597628             0.567268949127
          0.617859613090             0.786288432137
          0.356411878713             0.934328942457
        6.279051952931E-02           0.998026728428
         -0.236498997024             0.971631732915
         -0.514439533782             0.857526656194
         -0.745941145424             0.666011867434
         -0.910105970685             0.414375580993
         -0.992114701314             0.125333233564
         -0.984564334529            -0.175023058975
         -0.888136448814            -0.459579860621
         -0.711535677209            -0.702649969799
         -0.470703932165            -0.882291226435
         -0.187381314586            -0.982287250729
          0.112856384873            -0.993611310520
          0.402906435714            -0.915241172621
          0.656585755753            -0.754251380736
          0.850994481795            -0.525174629961
          0.968583161129            -0.248689887165
          0.998736956606           5.024431817977E-02
          0.938733857654             0.344642923175
          0.793990398648             0.607930297695
          0.577572703422             0.816339250717
          0.309016994375             0.951056516295
        1.256603988336E-02           0.999921044204
         -0.285019262470             0.958521789017
         -0.556875616488             0.830595899196
         -0.778462301567             0.627691361291
         -0.929776485888             0.368124552685
         -0.997158900261           7.532680552793E-02
         -0.974526872787            -0.224270760949
         -0.863923417193            -0.503623201636
         -0.675332808121            -0.737513117358
         -0.425779291565            -0.904827052466
         -0.137790290685            -0.990461425697
          0.162637165195            -0.986685944208
          0.448383216090            -0.893841424151
          0.693653305813            -0.720309024888
          0.876306680044            -0.481753674102
          0.979855052384            -0.199709980514
          0.994951016981             0.100361714851
          0.920231847366             0.391373666837
          0.762442511011             0.647055961569
          0.535826794979             0.844327925502
          0.260841506290             0.965381638833
       -3.769018266993E-02           0.999289472641
         -0.332819544523             0.942990535893
         -0.597904983058             0.801566984871
         -0.809016994375             0.587785252292
         -0.947098304995             0.320943609807
         -0.999684189283           2.513009544334E-02
         -0.962027671586            -0.272951935517
         -0.837528040042            -0.546394346734
         -0.637423989749            -0.770513242776
         -0.379779095522            -0.925077206834
       -8.785119655075E-02          -0.996133609143
          0.212007109922            -0.977268123568
          0.492727341548            -0.870183754670
          0.728968627421            -0.684547105929
          0.899405251566            -0.437115766651
          0.988651744738            -0.150225589121
          0.988651744738             0.150225589121
          0.899405251566             0.437115766651
          0.728968627421             0.684547105929
          0.492727341548             0.870183754670
          0.212007109922             0.977268123568
       -8.785119655074E-02           0.996133609143
         -0.379779095522             0.925077206834
         -0.637423989749             0.770513242776
         -0.837528040042             0.546394346734
         -0.962027671586             0.272951935517
         -0.999684189283          -2.513009544333E-02
         -0.947098304995            -0.320943609807
         -0.809016994375            -0.587785252292
         -0.597904983058            -0.801566984871
         -0.332819544523            -0.942990535893
       -3.769018266994E-02          -0.999289472641
          0.260841506290            -0.965381638833
          0.535826794979            -0.844327925502
          0.762442511011            -0.647055961569
          0.920231847366            -0.391373666837
          0.994951016981            -0.100361714851
          0.979855052384             0.199709980514
          0.876306680044             0.481753674102
          0.693653305813             0.720309024888
          0.448383216090             0.893841424151
          0.162637165195             0.986685944208
         -0.137790290685             0.990461425697
         -0.425779291565             0.904827052466
         -0.675332808121             0.737513117358
         -0.863923417193             0.503623201636
         -0.974526872787             0.224270760949
         -0.997158900261          -7.532680552793E-02
         -0.929776485888            -0.368124552685
         -0.778462301567            -0.627691361291
         -0.556875616488            -0.830595899196
         -0.285019262470            -0.958521789017
        1.256603988335E-02          -0.999921044204
          0.309016994375            -0.951056516295
          0.577572703422            -0.816339250717
          0.793990398648            -0.607930297695
          0.938733857654            -0.344642923175
          0.998736956606          -5.024431817978E-02
          0.968583161129             0.248689887165
          0.850994481795             0.525174629961
          0.656585755753             0.754251380736
          0.402906435714             0.915241172621
          0.112856384873             0.993611310520
         -0.187381314586             0.982287250729
         -0.470703932165             0.882291226435
         -0.711535677209             0.702649969799
         -0.888136448814             0.459579860621
         -0.984564334529             0.175023058975
         -0.992114701314            -0.125333233564
         -0.910105970685            -0.414375580993
         -0.745941145424            -0.666011867434
         -0.514439533782            -0.857526656194
         -0.236498997024            -0.971631732915
        6.279051952932E-02          -0.998026728428
          0.356411878713            -0.934328942457
          0.617859613090            -0.786288432137
          0.823532597628            -0.567268949127
          0.954864544747            -0.297041581577
           1.00000000000          -4.408582873761E-15
          0.954864544747             0.297041581577
          0.823532597628             0.567268949127
          0.617859613090             0.786288432137
          0.356411878713             0.934328942457
        6.279051952931E-02           0.998026728428
         -0.236498997024             0.971631732915
         -0.514439533781             0.857526656194
         -0.745941145424             0.666011867434
         -0.910105970685             0.414375580993
         -0.992114701314             0.125333233564
         -0.984564334529            -0.175023058975
         -0.888136448814            -0.459579860621
         -0.711535677209            -0.702649969799
         -0.470703932165            -0.882291226435
         -0.187381314586            -0.982287250729
          0.112856384873            -0.993611310520
          0.402906435714            -0.915241172621
          0.656585755753            -0.754251380736
          0.850994481795            -0.525174629961
          0.968583161129            -0.248689887165
          0.998736956606           5.024431817977E-02
          0.938733857654             0.344642923175
          0.793990398648             0.607930297695
          0.577572703422             0.816339250717
          0.309016994375             0.951056516295
        1.256603988336E-02           0.999921044204
         -0.285019262470             0.958521789017
         -0.556875616488             0.830595899196
         -0.778462301567             0.627691361291
         -0.929776485888             0.368124552685
         -0.997158900261           7.532680552794E-02
         -0.974526872787            -0.224270760949
         -0.863923417193            -0.503623201636
         -0.675332808121            -0.737513117358
         -0.425779291565            -0.904827052466
         -0.137790290685            -0.990461425697
          0.162637165195            -0.986685944208
          0.448383216090            -0.893841424151
          0.693653305813            -0.720309024888
          0.876306680044            -0.481753674102
          0.979855052384            -0.199709980514
          0.994951016981             0.100361714851
          0.920231847366             0.391373666837
          0.762442511011             0.647055961569
          0.535826794979             0.844327925502
          0.260841506290             0.965381638833
       -3.769018266993E-02           0.999289472641
         -0.332819544523             0.942990535893
         -0.597904983058             0.801566984871
         -0.809016994375             0.587785252292
         -0.947098304995             0.320943609807
         -0.999684189283           2.513009544334E-02
         -0.962027671586            -0.272951935517
         -0.837528040042            -0.546394346734
         -0.637423989749            -0.770513242776
         -0.379779095522            -0.925077206834
       -8.785119655075E-02          -0.996133609143
          0.212007109922            -0.977268123568
          0.492727341548            -0.870183754670
          0.728968627421            -0.684547105929
          0.899405251566            -0.437115766651
          0.988651744738            -0.150225589121
          0.988651744738             0.150225589121
          0.899405251566             0.437115766651
          0.728968627421             0.684547105929
          0.492727341548             0.870183754670
          0.212007109922             0.977268123568
       -8.785119655073E-02           0.996133609143
         -0.379779095522             0.925077206834
         -0.637423989749             0.770513242776
         -0.837528040042             0.546394346734
         -0.962027671586             0.272951935517
         -0.999684189283          -2.513009544334E-02
         -0.947098304995            -0.320943609807
         -0.809016994375            -0.587785252292
         -0.597904983058            -0.801566984871
         -0.332819544523            -0.942990535893
       -3.769018266994E-02          -0.999289472641
          0.260841506290            -0.965381638833
          0.535826794979            -0.844327925502
          0.762442511011            -0.647055961569
          0.920231847366            -0.391373666837
          0.994951016981            -0.100361714851
          0.979855052384             0.199709980514
          0.876306680044             0.481753674102
          0.693653305813             0.720309024888
          0.448383216090             0.893841424151
          0.162637165195             0.986685944208
         -0.137790290685             0.990461425697
         -0.425779291565             0.904827052466
         -0.675332808121             0.737513117358
         -0.863923417193             0.503623201636
         -0.974526872787             0.224270760949
         -0.997158900261          -7.532680552794E-02
         -0.929776485888            -0.368124552685
         -0.778462301567            -0.627691361291
         -0.556875616488            -0.830595899196
         -0.285019262470            -0.958521789017
        1.256603988335E-02          -0.999921044204
          0.309016994375            -0.951056516295
          0.577572703422            -0.816339250717
          0.793990398648            -0.607930297695
          0.938733857654            -0.344642923175
          0.998736956606          -5.024431817978E-02
          0.968583161129             0.248689887165
          0.850994481795             0.525174629961
          0.656585755753             0.754251380736
          0.402906435714             0.915241172621
          0.112856384873             0.993611310520
         -0.187381314586             0.982287250729
         -0.470703932165             0.882291226435
         -0.711535677209             0.702649969799
         -0.888136448814             0.459579860621
         -0.984564334529             0.175023058975
         -0.992114701314            -0.125333233564
         -0.910105970685            -0.414375580993
         -0.745941145424            -0.666011867434
         -0.514439533782            -0.857526656194
         -0.236498997024            -0.971631732915
        6.279051952932E-02          -0.998026728428
          0.356411878713            -0.934328942457
          0.617859613090            -0.786288432137
          0.823532597628            -0.567268949127
          0.954864544747            -0.297041581577
           1.00000000000          -5.878110498347E-15
          0.954864544747             0.297041581577
          0.823532597628             0.567268949127
          0.617859613090             0.786288432137
          0.356411878713             0.934328942457
        6.279051952933E-02           0.998026728428
         -0.236498997024             0.971631732915
         -0.514439533782             0.857526656194
         -0.745941145424             0.666011867434
         -0.910105970685             0.414375580993
         -0.992114701314             0.125333233564
         -0.984564334529            -0.175023058975
         -0.888136448814            -0.459579860621
         -0.711535677209            -0.702649969799
         -0.470703932165            -0.882291226435
         -0.187381314586            -0.982287250729
          0.112856384873            -0.993611310520
          0.402906435714            -0.915241172621
          0.656585755753            -0.754251380736
          0.850994481795            -0.525174629961
          0.968583161129            -0.248689887165
          0.998736956606           5.024431817977E-02
          0.938733857654             0.344642923175
          0.793990398648             0.607930297695
          0.577572703422             0.816339250717
          0.309016994375             0.951056516295
        1.256603988336E-02           0.999921044204
         -0.285019262470             0.958521789017
         -0.556875616488             0.830595899196
         -0.778462301567             0.627691361291
         -0.929776485888             0.368124552685
         -0.997158900261           7.532680552792E-02
         -0.974526872787            -0.224270760949
         -0.863923417193            -0.503623201636
         -0.675332808121            -0.737513117358
         -0.425779291565            -0.904827052466
         -0.137790290685            -0.990461425697
          0.162637165195            -0.986685944208
          0.448383216090            -0.893841424151
          0.693653305813            -0.720309024888
          0.876306680044            -0.481753674102
          0.979855052384            -0.199709980514
          0.994951016981             0.100361714851
          0.920231847366             0.391373666837
          0.762442511011             0.647055961569
          0.535826794979             0.844327925502
          0.260841506290             0.965381638833
       -3.769018266993E-02           0.999289472641
         -0.332819544523             0.942990535893
         -0.597904983058             0.801566984871
         -0.809016994375             0.587785252292
         -0.947098304995             0.320943609807
         -0.999684189283           2.513009544335E-02
         -0.962027671586            -0.272951935517
         -0.837528040042            -0.546394346734
         -0.637423989749            -0.770513242776
         -0.379779095522            -0.925077206834
       -8.785119655074E-02          -0.996133609143
          0.212007109922            -0.977268123568
          0.492727341548            -0.870183754670
          0.728968627421            -0.684547105929
          0.899405251566            -0.437115766651
          0.988651744738            -0.150225589121
          0.988651744738             0.150225589121
          0.899405251566             0.437115766651
          0.728968627421             0.684547105929
          0.492727341548             0.870183754670
          0.212007109922             0.977268123568
       -8.785119655074E-02           0.996133609143
         -0.379779095522             0.925077206834
         -0.637423989749             0.770513242776
         -0.837528040042             0.546394346734
         -0.962027671586             0.272951935517
         -0.999684189283          -2.513009544333E-02
         -0.947098304995            -0.320943609807
         -0.809016994375            -0.587785252292
         -0.597904983058            -0.801566984871
         -0.332819544523            -0.942990535893
       -3.769018266993E-02          -0.999289472641
          0.260841506290            -0.965381638833
          0.535826794979            -0.844327925502
          0.762442511011            -0.647055961569
          0.920231847366            -0.391373666837
          0.994951016981            -0.100361714851
          0.979855052384             0.199709980514
          0.876306680044             0.481753674102
          0.693653305813             0.720309024888
          0.448383216090             0.893841424151
          0.162637165195             0.986685944208
         -0.137790290685             0.990461425697
         -0.425779291565             0.904827052466
         -0.675332808121             0.737513117358
         -0.863923417193             0.503623201636
         -0.974526872787             0.224270760949
         -0.997158900261          -7.532680552792E-02
         -0.929776485888            -0.368124552685
         -0.778462301567            -0.627691361291
         -0.556875616488            -0.830595899196
         -0.285019262470            -0.958521789017
        1.256603988334E-02          -0.999921044204
          0.309016994375            -0.951056516295
          0.577572703422            -0.816339250717
          0.793990398648            -0.607930297695
          0.938733857654            -0.344642923175
          0.998736956606          -5.024431817977E-02
          0.968583161129             0.248689887165
          0.850994481795             0.525174629961
          0.656585755753             0.754251380736
          0.402906435714             0.915241172621
          0.112856384873             0.993611310520
         -0.187381314586             0.982287250729
         -0.470703932165             0.882291226435
         -0.711535677209             0.702649969799
         -0.888136448814             0.459579860621
         -0.984564334529             0.175023058975
         -0.992114701314            -0.125333233564
         -0.910105970685            -0.414375580993
         -0.745941145424            -0.666011867434
         -0.514439533782            -0.857526656194
         -0.236498997024            -0.971631732915
        6.279051952930E-02          -0.998026728428
          0.356411878713            -0.934328942457
          0.617859613090            -0.786288432137
          0.823532597628            -0.567268949127
          0.954864544747            -0.297041581577
           1.00000000000           6.863216592268E-15
          0.954864544747             0.297041581577
          0.823532597628             0.567268949127
          0.617859613090             0.786288432137
          0.356411878713             0.934328942457
        6.279051952932E-02           0.998026728428
         -0.236498997024             0.971631732915
         -0.514439533781             0.857526656194
         -0.745941145424             0.666011867434
         -0.910105970685             0.414375580993
         -0.992114701314             0.125333233564
         -0.984564334529            -0.175023058975
         -0.888136448814            -0.459579860621
         -0.711535677209            -0.702649969799
         -0.470703932165            -0.882291226435
         -0.187381314586            -0.982287250729
          0.112856384873            -0.993611310520
          0.402906435714            -0.915241172621
          0.656585755753            -0.754251380736
          0.850994481795            -0.525174629961
          0.968583161129            -0.248689887165
          0.998736956606           5.024431817975E-02
          0.938733857654             0.344642923175
          0.793990398648             0.607930297695
          0.577572703422             0.816339250717
          0.309016994375             0.951056516295
        1.256603988335E-02           0.999921044204
         -0.285019262470             0.958521789017
         -0.556875616488             0.830595899196
         -0.778462301567             0.627691361291
         -0.929776485888             0.368124552685
         -0.997158900261           7.532680552794E-02
         -0.974526872787            -0.224270760949
         -0.863923417193            -0.503623201636
         -0.675332808121            -0.737513117358
         -0.425779291565            -0.904827052466
         -0.137790290685            -0.990461425697
          0.162637165195            -0.986685944208
          0.448383216090            -0.893841424151
          0.693653305813            -0.720309024888
          0.876306680044            -0.481753674102
          0.979855052384            -0.199709980514
          0.994951016981             0.100361714851
          0.920231847366             0.391373666837
          0.762442511011             0.647055961569
          0.535826794979             0.844327925502
          0.260841506290             0.965381638833
       -3.769018266994E-02           0.999289472641
         -0.332819544523             0.942990535893
         -0.597904983058             0.801566984871
         -0.809016994375             0.587785252292
         -0.947098304995             0.320943609807
         -0.999684189283           2.513009544334E-02
         -0.962027671586            -0.272951935517
         -0.837528040042            -0.546394346734
         -0.637423989749            -0.770513242776
         -0.379779095522            -0.925077206834
       -8.785119655075E-02          -0.996133609143
          0.212007109922            -0.977268123568
          0.492727341548            -0.870183754670
          0.728968627421            -0.684547105929
          0.899405251566            -0.437115766651
          0.988651744738            -0.150225589121
          0.988651744738             0.150225589121
          0.899405251566             0.437115766651
          0.728968627421             0.684547105929
          0.492727341548             0.870183754670
          0.212007109922             0.977268123568
       -8.785119655072E-02           0.996133609143
         -0.379779095522             0.925077206834
         -0.637423989749             0.770513242776
         -0.837528040042             0.546394346734
         -0.962027671586             0.272951935517
         -0.999684189283          -2.513009544334E-02
         -0.947098304995            -0.320943609807
         -0.809016994375            -0.587785252292
         -0.597904983058            -0.801566984871
         -0.332819544523            -0.942990535893
       -3.769018266994E-02          -0.999289472641
          0.260841506290            -0.965381638833
          0.535826794979            -0.844327925502
          0.762442511011            -0.647055961569
          0.920231847366            -0.391373666837
          0.994951016981            -0.100361714851
          0.979855052384             0.199709980514
          0.876306680044             0.481753674102
          0.693653305813             0.720309024888
          0.448383216090             0.893841424151
          0.162637165195             0.986685944208
         -0.137790290685             0.990461425697
         -0.425779291565             0.904827052466
         -0.675332808121             0.737513117358
         -0.863923417193             0.503623201636
         -0.974526872787             0.224270760949
         -0.997158900261          -7.532680552794E-02
         -0.929776485888            -0.368124552685
         -0.778462301567            -0.627691361291
         -0.556875616488            -0.830595899196
         -0.285019262470            -0.958521789017
        1.256603988335E-02          -0.999921044204
          0.309016994375            -0.951056516295
          0.577572703422            -0.816339250717
          0.793990398648            -0.607930297695
          0.938733857654            -0.344642923175
          0.998736956606          -5.024431817978E-02
          0.968583161129             0.248689887165
          0.850994481795             0.525174629961
          0.656585755753             0.754251380736
          0.402906435714             0.915241172621
          0.112856384873             0.993611310520
         -0.187381314586             0.982287250729
         -0.470703932165             0.882291226435
         -0.711535677209             0.702649969799
         -0.888136448814             0.459579860621
         -0.984564334529             0.175023058975
         -0.992114701314            -0.125333233564
         -0.910105970685            -0.414375580993
         -0.745941145424            -0.666011867434
         -0.514439533782            -0.857526656194
         -0.236498997024            -0.971631732915
        6.279051952931E-02          -0.998026728428
          0.356411878713            -0.934328942457
          0.617859613090            -0.786288432137
          0.823532597628            -0.567268949127
          0.954864544747            -0.297041581577
           1.00000000000          -8.817165747521E-15
          0.954864544747             0.297041581577
          0.823532597628             0.567268949127
          0.617859613090             0.786288432137
          0.356411878713             0.934328942457
        6.279051952933E-02           0.998026728428
         -0.236498997024             0.971631732915
         -0.514439533782             0.857526656194
         -0.745941145424             0.666011867434
         -0.910105970685             0.414375580993
         -0.992114701314             0.125333233564
         -0.984564334529            -0.175023058975
         -0.888136448814            -0.459579860621
         -0.711535677209            -0.702649969799
         -0.470703932165            -0.882291226435
         -0.187381314586            -0.982287250729
          0.112856384873            -0.993611310520
          0.402906435714            -0.915241172621
          0.656585755753            -0.754251380736
          0.850994481795            -0.525174629961
          0.968583161129            -0.248689887165
          0.998736956606           5.024431817976E-02
          0.938733857654             0.344642923175
          0.793990398648             0.607930297695
          0.577572703422             0.816339250717
          0.309016994375             0.951056516295
        1.256603988337E-02           0.999921044204
         -0.285019262470             0.958521789017
         -0.556875616488             0.830595899196
         -0.778462301567             0.627691361291
         -0.929776485888             0.368124552685
         -0.997158900261           7.532680552793E-02
         -0.974526872787            -0.224270760949
         -0.863923417193            -0.503623201636
         -0.675332808121            -0.737513117358
         -0.425779291565            -0.904827052466
         -0.137790290685            -0.990461425697
          0.162637165195            -0.986685944208
          0.448383216090            -0.893841424151
          0.693653305813            -0.720309024888
          0.876306680044            -0.481753674102
          0.979855052384            -0.199709980514
          0.994951016981             0.100361714851
          0.920231847366             0.391373666837
          0.762442511011             0.647055961569
          0.535826794979             0.844327925502
          0.260841506290             0.965381638833
       -3.769018266992E-02           0.999289472641
         -0.332819544523             0.942990535893
         -0.597904983058             0.801566984871
         -0.809016994375             0.587785252292
         -0.947098304995             0.320943609807
         -0.999684189283           2.513009544336E-02
         -0.962027671586            -0.272951935517
         -0.837528040042            -0.546394346734
         -0.637423989749            -0.770513242776
         -0.379779095522            -0.925077206834
       -8.785119655074E-02          -0.996133609143
          0.212007109922            -0.977268123568
          0.492727341548            -0.870183754670
          0.728968627421            -0.684547105929
          0.899405251566            -0.437115766651
          0.988651744738            -0.150225589121
          0.988651744738             0.150225589121
          0.899405251566             0.437115766651
          0.728968627421             0.684547105929
          0.492727341548             0.870183754670
          0.212007109922             0.977268123568
       -8.785119655074E-02           0.996133609143
         -0.379779095522             0.925077206834
         -0.637423989749             0.770513242776
         -0.837528040042             0.546394346734
         -0.962027671586             0.272951935517
         -0.999684189283          -2.513009544332E-02
         -0.947098304995            -0.320943609807
         -0.809016994375            -0.587785252292
         -0.597904983058            -0.801566984871
         -0.332819544523            -0.942990535893
       -3.769018266993E-02          -0.999289472641
          0.260841506290            -0.965381638833
          0.535826794979            -0.844327925502
          0.762442511011            -0.647055961569
          0.920231847366            -0.391373666837
          0.994951016981            -0.100361714851
          0.979855052384             0.199709980514
          0.876306680044             0.481753674102
          0.693653305813             0.720309024888
          0.448383216090             0.893841424151
          0.162637165195             0.986685944208
         -0.137790290685             0.990461425697
         -0.425779291565             0.904827052466
         -0.675332808121             0.737513117358
         -0.863923417193             0.503623201636
         -0.974526872787             0.224270760949
         -0.997158900261          -7.532680552792E-02
         -0.929776485888            -0.368124552685
         -0.778462301567            -0.627691361291
         -0.556875616488            -0.830595899196
         -0.285019262470            -0.958521789017
        1.256603988333E-02          -0.999921044204
          0.309016994375            -0.951056516295
          0.577572703422            -0.816339250717
          0.793990398648            -0.607930297695
          0.938733857654            -0.344642923174
          0.998736956606          -5.024431817977E-02
          0.968583161129             0.248689887165
          0.850994481795             0.525174629961
          0.656585755753             0.754251380736
          0.402906435714             0.915241172621
          0.112856384873             0.993611310520
         -0.187381314586             0.982287250729
         -0.470703932165             0.882291226435
         -0.711535677209             0.702649969799
         -0.888136448814             0.459579860621
         -0.984564334529             0.175023058975
         -0.992114701314            -0.125333233564
         -0.910105970685            -0.414375580993
         -0.745941145424            -0.666011867434
         -0.514439533781            -0.857526656194
         -0.236498997024            -0.971631732915
        6.279051952930E-02          -0.998026728428
          0.356411878713            -0.934328942457
          0.617859613090            -0.786288432137
          0.823532597628            -0.567268949127
          0.954864544747            -0.297041581577
           1.00000000000           3.924161343094E-15
          0.954864544747             0.297041581577
          0.823532597628             0.567268949127
          0.617859613090             0.786288432137
          0.356411878713             0.934328942457
        6.279051952935E-02           0.998026728428
         -0.236498997024             0.971631732915
         -0.514439533781             0.857526656194
         -0.745941145424             0.666011867434
         -0.910105970685             0.414375580993
         -0.992114701314             0.125333233564
         -0.984564334529            -0.175023058975
         -0.888136448814            -0.459579860621
         -0.711535677209            -0.702649969799
         -0.470703932165            -0.882291226435
         -0.187381314586            -0.982287250729
          0.112856384873            -0.993611310520
          0.402906435714            -0.915241172621
          0.656585755753            -0.754251380736
          0.850994481795            -0.525174629961
          0.968583161129            -0.248689887165
          0.998736956606           5.024431817978E-02
          0.938733857654             0.344642923175
          0.793990398648             0.607930297695
          0.577572703422             0.816339250717
          0.309016994375             0.951056516295
        1.256603988338E-02           0.999921044204
         -0.285019262470             0.958521789017
         -0.556875616488             0.830595899196
         -0.778462301567             0.627691361291
         -0.929776485888             0.368124552685
         -0.997158900261           7.532680552794E-02
         -0.974526872787            -0.224270760949
         -0.863923417193            -0.503623201636
         -0.675332808121            -0.737513117358
         -0.425779291565            -0.904827052466
         -0.137790290685            -0.990461425697
          0.162637165195            -0.986685944208
          0.448383216090            -0.893841424151
          0.693653305813            -0.720309024888
          0.876306680044            -0.481753674102
          0.979855052384            -0.199709980514
          0.994951016981             0.100361714851
          0.920231847366             0.391373666837
          0.762442511011             0.647055961569
          0.535826794979             0.844327925502
          0.260841506290             0.965381638833
       -3.769018266991E-02           0.999289472641
         -0.332819544523             0.942990535893
         -0.597904983058             0.801566984871
         -0.809016994375             0.587785252292
         -0.947098304995             0.320943609807
         -0.999684189283           2.513009544334E-02
         -0.962027671586            -0.272951935517
         -0.837528040042            -0.546394346734
         -0.637423989749            -0.770513242776
         -0.379779095522            -0.925077206834
       -8.785119655073E-02          -0.996133609143
          0.212007109922            -0.977268123568
          0.492727341548            -0.870183754670
          0.728968627421            -0.684547105929
          0.899405251566            -0.437115766651
          0.988651744738            -0.150225589121
          0.988651744738             0.150225589121
          0.899405251566             0.437115766651
          0.728968627421             0.684547105929
          0.492727341548             0.870183754670
          0.212007109922             0.977268123568
       -8.785119655072E-02           0.996133609143
         -0.379779095522             0.925077206834
         -0.637423989749             0.770513242776
         -0.837528040042             0.546394346734
         -0.962027671586             0.272951935517
         -0.999684189283          -2.513009544334E-02
         -0.947098304995            -0.320943609807
         -0.809016994375            -0.587785252292
         -0.597904983058            -0.801566984871
         -0.332819544523            -0.942990535893
       -3.769018266992E-02          -0.999289472641
          0.260841506290            -0.965381638833
          0.535826794979            -0.844327925502
          0.762442511011            -0.647055961569
          0.920231847366            -0.391373666837
          0.994951016981            -0.100361714851
          0.979855052384             0.199709980514
          0.876306680044             0.481753674102
          0.693653305813             0.720309024888
          0.448383216090             0.893841424151
          0.162637165195             0.986685944208
         -0.137790290685             0.990461425697
         -0.425779291565             0.904827052466
         -0.675332808121             0.737513117358
         -0.863923417193             0.503623201636
         -0.974526872787             0.224270760949
         -0.997158900261          -7.532680552793E-02
         -0.929776485888            -0.368124552685
         -0.778462301567            -0.627691361291
         -0.556875616488            -0.830595899196
         -0.285019262470            -0.958521789017
        1.256603988332E-02          -0.999921044204
          0.309016994375            -0.951056516295
          0.577572703422            -0.816339250717
          0.793990398648            -0.607930297695
          0.938733857654            -0.344642923175
          0.998736956606          -5.024431817979E-02
          0.968583161129             0.248689887165
          0.850994481795             0.525174629961
          0.656585755753             0.754251380736
          0.402906435714             0.915241172621
          0.112856384873             0.993611310520
         -0.187381314586             0.982287250729
         -0.470703932165             0.882291226435
         -0.711535677209             0.702649969799
         -0.888136448814             0.459579860622
         -0.984564334529             0.175023058975
         -0.992114701314            -0.125333233564
         -0.910105970685            -0.414375580993
         -0.745941145424            -0.666011867434
         -0.514439533782            -0.857526656194
         -0.236498997024            -0.971631732915
        6.279051952928E-02          -0.998026728428
          0.356411878713            -0.934328942457
          0.617859613090            -0.786288432137
          0.823532597628            -0.567268949127
          0.954864544747            -0.297041581577
           1.00000000000          -1.175622099669E-14
