            0         0.459806448400
            1         0.487032936629
            2         0.514496216631
            3         0.542151903845
            4         0.569965996770
            5         0.597912072679
            6         0.625969268025
            7         0.654120813356
            8         0.682352962859
            9         0.710654206867
           10         0.739014688884
           11         0.767425771559
           12         0.795879711975
           13         0.824369417729
           14         0.852888263142
           15         0.881429950495
           16         0.909988405185
           17         0.938557696565
           18         0.967131978334
           19         0.995705443870
           20          1.02427229303
           21          1.05282670775
           22          1.08136283452
           23          1.10987477205
           24          1.13835656306
           25          1.16680218923
           26          1.19520556862
           27          1.22356055494
           28          1.25186093830
           29          1.28010044717
           30          1.30827275107
           31          1.33637146401
           32          1.36439014841
           33          1.39232231937
           34          1.42016144918
           35          1.44790097209
           36          1.47553428910
           37          1.50305477294
           38          1.53045577297
           39          1.55773062018
           40          1.58487263209
           41          1.61187511770
           42          1.63873138233
           43          1.66543473240
           44          1.69197848020
           45          1.71835594851
           46          1.74456047521
           47          1.77058541776
           48          1.79642415763
           49          1.82207010466
           50          2.17953379183
