           1.00000000000              1.00000000000
           1.02000000000              1.01980392142
           1.04000000000              1.03923076477
           1.06000000000              1.05830185509
           1.08000000000              1.07703691194
           1.10000000000              1.09545418753
           1.12000000000              1.11357059261
           1.14000000000              1.13140181097
           1.16000000000              1.14896240360
           1.18000000000              1.16626590325
           1.20000000000              1.18332490042
           1.22000000000              1.20015112144
           1.24000000000              1.21675549943
           1.26000000000              1.23314823876
           1.28000000000              1.24933887374
           1.30000000000              1.26533632192
           1.32000000000              1.28114893267
           1.34000000000              1.29678453142
           1.36000000000              1.31225045998
           1.38000000000              1.32755361331
           1.40000000000              1.34270047313
           1.42000000000              1.35769713858
           1.44000000000              1.37254935432
           1.46000000000              1.38726253616
           1.48000000000              1.40184179466
           1.50000000000              1.41629195667
           1.52000000000              1.43061758515
           1.54000000000              1.44482299736
           1.56000000000              1.45891228159
           1.58000000000              1.47288931255
           1.60000000000              1.48675776557
           1.62000000000              1.50052112967
           1.64000000000              1.51418271959
           1.66000000000              1.52774568698
           1.68000000000              1.54121303070
           1.70000000000              1.55458760631
           1.72000000000              1.56787213493
           1.74000000000              1.58106921141
           1.76000000000              1.59418131194
           1.78000000000              1.60721080105
           1.80000000000              1.62015993820
           1.82000000000              1.63303088384
           1.84000000000              1.64582570510
           1.86000000000              1.65854638103
           1.88000000000              1.67119480756
           1.90000000000              1.68377280207
           1.92000000000              1.69628210766
           1.94000000000              1.70872439716
           1.96000000000              1.72110127691
           1.98000000000              1.73341429020
           2.00000000000              1.74566492058
