           1.00000000000              1.00000000000
           1.02000000000              1.01000000000
           1.04000000000              1.01990099962
           1.06000000000              1.02970590892
           1.08000000000              1.03941749672
           1.10000000000              1.04903840004
           1.12000000000              1.05857113290
           1.14000000000              1.06801809420
           1.16000000000              1.07738157510
           1.18000000000              1.08666376571
           1.20000000000              1.09586676128
           1.22000000000              1.10499256792
           1.24000000000              1.11404310781
           1.26000000000              1.12302022414
           1.28000000000              1.13192568559
           1.30000000000              1.14076119047
           1.32000000000              1.14952837067
           1.34000000000              1.15822879522
           1.36000000000              1.16686397368
           1.38000000000              1.17543535923
           1.40000000000              1.18394435162
           1.42000000000              1.19239229991
           1.44000000000              1.20078050498
           1.46000000000              1.20911022192
           1.48000000000              1.21738266232
           1.50000000000              1.22559899629
           1.52000000000              1.23376035449
           1.54000000000              1.24186782994
           1.56000000000              1.24992247976
           1.58000000000              1.25792532683
           1.60000000000              1.26587736131
           1.62000000000              1.27377954211
           1.64000000000              1.28163279823
           1.66000000000              1.28943803008
           1.68000000000              1.29719611071
           1.70000000000              1.30490788691
           1.72000000000              1.31257418039
           1.74000000000              1.32019578873
           1.76000000000              1.32777348642
           1.78000000000              1.33530802575
           1.80000000000              1.34280013774
           1.82000000000              1.35025053292
           1.84000000000              1.35765990216
           1.86000000000              1.36502891743
           1.88000000000              1.37235823250
           1.90000000000              1.37964848363
           1.92000000000              1.38690029022
           1.94000000000              1.39411425545
           1.96000000000              1.40129096684
           1.98000000000              1.40843099683
           2.00000000000              1.41553490332
